328,52
328,51
328,50
328,49
328,48
328,47
328,46
328,45
328,44
328,43
328,42
328,41
328,40
328,39
328,38
328,37
328,36
312,111
312,110
312,109
312,108
312,107
312,106
312,105
312,104
312,103
312,102
312,101
312,100
312,99
312,98
312,97
312,95
312,94
312,93
312,92
312,91
312,90
312,89
312,88
312,87
312,86
312,85
312,84
312,83
312,82
312,81
312,80
312,79
312,78
312,77
312,76
312,75
312,74
312,73
312,72
312,71
312,70
312,69
312,68
312,67
312,66
312,65
312,64
312,36
312,35
312,34
312,33
312,32
312,31
312,30
312,29
312,28
312,27
312,26
312,25
312,24
312,23
312,22
312,21
312,20
312,19
312,18
312,17
312,16
312,15
312,14
312,13
312,12
312,11
312,10
312,9
312,8
312,6
312,5
312,7
328,35
21,3
21,2
21,1
21,0
20,3
20,2
20,1
19,3
19,2
19,1
12,3
12,2
12,1
11,3
11,2
11,1
10,3
10,2
10,1
9,3
9,2
9,1
8,3
8,2
8,1
7,13
7,12
7,11
7,10
7,9
7,8
7,7
7,6
7,5
7,4
7,1
6,6
6,5
6,4
6,3
6,2
6,1
6,0
4,86
4,85
4,84
4,83
4,82
4,81
4,80
18,1
18,3
4,79
4,78
4,77
4,76
4,75
4,74
4,73
4,72
4,71
4,70
4,69
4,68
4,67
4,66
4,65
4,64
4,1
0,479
4,40
3,3
3,2
3,1
2,3
2,2
2,1
312,96
312,3
312,1
312,4
0,484
14,4
14,11
14,9
0,0
14,8
14,1
14,10
14,3
13,1
13,3
0,9
328,34
328,33
328,32
328,31
328,30
328,29
328,28
328,27
328,26
328,25
328,24
328,23
328,22
